========== [高精度标定结果] Eye-in-Hand ==========
平移向量 (x, y, z) [米]:
 [-0.13036812  0.01018563  0.09470101]
旋转矩阵:
[[-0.06691144 -0.36418263  0.92892081]
 [-0.99718531  0.05597319 -0.04988439]
 [-0.03382763 -0.92964402 -0.36690282]]

 ========== [高精度标定结果] Eye-in-Hand ==========
平移向量 (x, y, z) [米]:
 [-0.13610032  0.02360686  0.09487064]
旋转矩阵:
[[-0.05170742 -0.39498323  0.91723203]
 [-0.99799167  0.05409049 -0.03296738]
 [-0.03659197 -0.91709458 -0.39698685]]


 ========== [高精度标定结果] Eye-in-Hand ==========
平移向量 (x, y, z) [米]:
 [-0.12118799  0.02085396  0.1006278 ]
旋转矩阵:
[[-0.02270016 -0.3823886   0.92372272]
 [-0.99974108  0.01013701 -0.02037192]
 [-0.0015738  -0.92394599 -0.3825197 ]]
四元数 [x, y, z, w]: [-0.58087919  0.59484386 -0.39687638  0.3888821 ]

正在使用 Daniilidis 算法进行高精度求解...

========== [高精度标定结果] Eye-in-Hand ==========
平移向量 (x, y, z) [米]:
 [-0.13194311  0.04183343  0.10851859]
旋转矩阵:
[[-0.03565901 -0.39286405  0.91890493]
 [-0.99913841 -0.00552188 -0.04113334]
 [ 0.0212339  -0.91957998 -0.39232866]]
四元数 [x, y, z, w]: [-0.58356481  0.59633585 -0.40275682  0.3763278 ]

========== [高精度标定结果] Eye-in-Hand ==========
平移向量 (x, y, z) [米]:
 [-0.13933998  0.02726735  0.10520656]
旋转矩阵:
[[ 0.00587504 -0.36840674  0.92964615]
 [-0.99993746 -0.01101168  0.00195547]
 [ 0.00951656 -0.92959949 -0.3684484 ]]

 ========== [高精度标定结果] Eye-in-Hand ==========
平移向量 (x, y, z) [米]:
 [-0.15191629  0.02971404  0.1017569 ]
旋转矩阵:
[[-0.06705755 -0.41176313  0.90882034]
 [-0.99651049  0.07301251 -0.0404477 ]
 [-0.04970038 -0.90836132 -0.41522232]]
四元数 [x, y, z, w]: [-0.5646132   0.62355681 -0.380402    0.38429567]
==================================================
========== [高精度标定结果] Eye-in-Hand ==========
平移向量 (x, y, z) [米]:
 [-0.13329141  0.02589764  0.09556932]
旋转矩阵:
[[ 0.00363808 -0.37770988  0.92591685]
 [-0.99946535  0.02871243  0.01563974]
 [-0.03249261 -0.92547871 -0.37740348]]






平移向量 (x, y, z) [米]:
 [-0.14124999  0.02558138  0.09645328]
旋转矩阵:
[[ 0.01398468 -0.37640437  0.92634992]
 [-0.9998385   0.00519413  0.01720464]
 [-0.01128749 -0.92644092 -0.37627094]]

==================================================
^CException ignored in: <mod

========== [高精度标定结果] Eye-in-Hand ==========
平移向量 (x, y, z) [米]:
 [-0.1409613   0.02634203  0.09599976]
旋转矩阵:
[[ 0.01111081 -0.37554128  0.92673907]
 [-0.99986708  0.0068864   0.01477812]
 [-0.01193169 -0.92678008 -0.37541485]]

 ========== [高精度标定结果] Eye-in-Hand ==========
平移向量 (x, y, z) [米]:
 [-0.14143257  0.0262914   0.09593266]
旋转矩阵:
[[ 0.01208903 -0.37476473  0.92704113]
 [-0.99986825  0.00551321  0.0152675 ]
 [-0.0108327  -0.92710356 -0.3746487 ]]

==========================================

平移向量 (x, y, z) [米]:
 [-0.14106173  0.02565515  0.09619033]
旋转矩阵:
[[ 0.01451225 -0.37567343  0.92663848]
 [-0.99984497  0.0037899   0.01719523]
 [-0.00997166 -0.92674436 -0.37556019]]

 